1 153,75 54,31 84,87 91,4 30,95 121,48 107,60 2,36 28,92
2 83,33 21,47 40,82 74,50
3 11,24 19,2 137,27 132,10 13,55 4,63 124,50 27,85 73,10 112,56
4 184,48 116,83 145,46 131,84 167,10 81,77
5 37,22
6 60,15 104,28 168,47 193,23 171,26 126,93 91,40
7 168,69 31,10
8 83,80 15,33 173,69 128,93 72,16 195,61
9 150,43 154,19 97,85
10 14,43 23,85 86,39 113,86 12,78 33,41 167,72
11 48,6 120,39 92,48
12 69,6 58,94 71,95 76,8 157,72 173,21 162,11 85,42 19,75 104,97
13 10,5 159,33 73,26 157,94
14 10,55 117,17
15 171,57 174,38
16 115,31 198,61 10,92 32,34 72,47 32,18 146,78
17 64,74 14,18 2,4 62,50 49,6 31,84 93,86 186,26
18 132,2 57,31 14,77 43,91 118,55 78,92 56,97 41,88 29,33
19 25,2 109,72 118,87 178,37 84,38 196,35 147,59 110,88
20 178,85 161,77
21 136,55 192,76 158,52 34,69 108,93 6,88 66,3
22 121,3 108,72 119,67 195,99 64,78 143,55 128,12 169,15
23 160,51 31,11 18,21
24 1,10 6,84 64,26 191,15 38,19 111,9 109,66 110,77 117,26
25 60,75 137,12 178,88 122,60 10,98 162,86 57,4 20,92 144,51
26 200,19 51,89 94,45
27 44,27 131,11 41,71 118,38 128,3 129,41 199,13 131,59
28 33,14 63,97 186,45 70,7 177,63 91,54 161,92
29 83,62 164,95 143,12 95,78
30 113,87 80,54 184,40 7,84 36,9 131,40 69,32 74,16 118,4 105,14
31 102,44 96,3 175,95 74,2 29,36
32 21,92 145,1 130,51 60,28 24,1 73,85 75,9 111,99 104,32 123,90
33 177,51 31,30 118,96 174,32 36,68 174,43
34 171,77 24,42 33,10 154,91
35 177,72 192,14 116,56 144,71
36 167,38 67,81 131,11 14,70 177,28 167,19 4,21 159,72 195,72
37 102,81 93,98 60,46 148,77
38 20,33 114,95 55,100 89,67 171,33 75,9 4,52 36,9
39 171,12 76,98
40 182,19 75,21 1,73 190,63 150,23 45,27 24,17 154,42 110,71 188,51
41 10,83 161,48 195,61
42 131,96 31,68
43 160,82 162,90 19,49 61,52 37,49 35,49 26,32
44 34,48 105,87 187,41 52,55 67,74 126,70
45 5,90 24,44
46 5,9 52,37 32,77
47 21,27 104,57 198,34 64,4
48 26,49 7,48 84,29 17,45 131,35 71,56 105,83
49 162,74 190,94 136,90 160,47 178,4
50 136,35 89,41 146,21 154,48 141,74 121,52 95,80 4,70 147,68
51 27,60 69,46 19,67 148,88
52 137,71 199,34 197,84 39,8 183,14
53 89,1 197,59
54 98,22 122,67 91,90 67,87 152,7
55 192,56
56 15,14 6,10 190,54 175,97 116,78 81,86 118,64
57 197,76 66,92 141,46 158,15 89,1 30,33
58 49,7 84,34 156,5 122,92 102,33 129,17 161,58 75,33 153,88
59 60,42 180,16 122,61 189,79 47,65 43,40 117,2 150,57
60 194,10 111,45 122,83 177,86 68,53 36,80 25,25
61 53,85 80,46 47,11 148,34 189,28 143,93 109,80 69,54 93,58
62 119,12
63 139,84 53,9 107,64 76,57 155,19 151,40 143,15
64 67,1 153,53
65 23,26 132,31 168,29 92,3 100,5 191,2 98,15 18,46 161,62 181,82
66 29,70 57,5 23,87 61,45 126,74 179,1 54,94
67 108,78 98,95 92,37 109,4 134,40 35,77
68 164,72 171,16 136,98 62,51 114,97 120,1 27,94 12,67
69 188,16 108,34 193,29
70 60,32 196,74 135,31 108,46 6,91 80,4 12,25 81,64
71 160,38 126,95 187,27
72 148,18 166,96
73 198,83 36,61 157,18 160,56 26,16
74 106,28 33,91 64,34 58,38 135,54
75 33,45
76 189,97 9,54 28,72 100,11 125,81
77 26,54 30,100 93,55 161,61 159,99 143,63
78 149,16
79 158,63 118,75 138,65 44,66 57,65 49,33
80 126,66 9,69 182,7 193,100 193,56
81 194,48 28,12 188,19 150,76 25,20 114,58 19,44 62,41
82 9,66 13,41 157,71 85,84 10,45 119,12 139,97 184,79
83 73,68 11,91 4,18 101,1
84 63,13 43,10
85 71,46 191,65 128,89 73,100 174,53
86 49,12 149,63 146,37 121,12 95,48 89,32 140,76 59,19 107,84 54,74
87 61,28
88 95,24 120,22
89 190,23 140,93 75,6 84,60 137,32 51,66 107,66
90 42,70 44,40 195,65 142,90 155,95 16,23 197,10 19,14 73,42 61,94
91 124,96 168,54 56,26 69,75
92 140,56 98,69 127,20 137,94 74,57 106,5 170,97 114,13 84,98 117,24
93 44,17 3,21 92,92 114,42 146,91 20,70
94 84,79 81,3 23,75 44,47 9,40 181,89 40,16
95 59,95 144,92 62,55 129,6 124,37 62,25 62,84 151,81
96 123,83 103,45 55,94 125,77 18,62
97 73,50 40,93 14,65 167,43 163,14 86,85 128,5
98 100,10 44,10 129,42 32,33 52,19 160,7 97,82 136,47 11,13 109,91
99 113,76
100 85,69 46,43 139,27 91,27 134,69 160,39
101 74,18 91,23 56,92 32,88 65,27 64,11 116,78 132,28
102 139,86 121,43 194,39 146,88 4,43 23,77 199,8
103 25,29 36,78 11,42 66,51 130,27 100,87 113,67 9,88 104,21 56,42
104 118,36 63,27 144,43 123,15 51,37 149,12 92,44 7,97
105 157,45 43,98 132,45 75,22 149,67 79,5 48,48 115,83 120,77
106 118,58 66,73 59,73 126,80
107 188,91
108 167,53 140,62
109 200,28 141,74 99,92 163,27 161,80 117,14
110 47,88 52,64 14,93 196,70 18,66
111 130,70
112 52,73 180,33 4,34 196,81
113 22,5 28,66 181,36 7,62 183,13 55,34 17,60 141,2
114 5,17 142,66 68,19
115 11,1
116 148,79 64,2 57,24 35,42 163,46 175,36 100,24 200,33
117 132,96 113,73 143,54 52,29 156,13 137,63 169,75
118 36,61 47,6 93,23 154,44
119 18,34 2,58 102,48 53,14 84,74 193,20 31,84
120 86,50 108,98 60,23 23,30 49,63 192,56 156,37
121 183,45 11,48 80,68
122 161,56 119,52 160,4 128,42 127,39 36,79
123 16,26 180,70
124 126,52 173,91 37,14 19,89 160,41 8,85
125 134,77 110,39 123,39 157,29 176,63
126 79,5 112,27 40,39 11,57 174,36 24,1 39,99 74,85
127 144,19 71,44 143,56 170,9 89,76 60,49 37,5 11,76 68,71
128 167,67
129 120,21 115,62 22,68 161,100 78,78
130 109,96 197,66 126,83
131 187,23 137,99 195,68 5,48 99,34 85,73 151,57 20,96 42,39
132 32,35 141,4 67,31 77,70 139,38
133 198,30 68,13 56,3 24,9 145,57 135,51 79,36 173,66 42,89 170,23
134 177,21 57,32 49,93 159,45 5,61
135 178,45 36,27 111,6 70,99
136 109,17 52,92 62,78 144,40 152,41 177,2 114,4
137 52,97 136,87
138 194,17 147,75 141,32 93,87
139 83,5 95,43 165,91 106,62 173,93 89,44
140 113,20 83,36 6,57
141 164,78 170,22
142 134,58 171,41 141,52
143 82,77 186,36 176,47
144 16,90 92,66 81,91 138,52 116,34 76,72 196,47 171,40
145 8,5 8,20 85,46 75,15 29,72 120,48
146 104,51 124,39 5,65 30,90 31,84 137,45
147 52,75 137,49 53,54 94,93 96,88 57,3 101,38 117,64 15,19
148 168,21 106,54 41,35 130,21 47,42 19,2
149 174,98 174,81 194,47
150 43,69 142,90 193,46
151 88,32 55,82 148,93 124,86 130,58 108,47
152 56,30 144,47 92,58 72,52 167,81 158,49 167,21 149,48 180,1
153 138,72 105,64
154 91,47 115,98 89,87 76,73 132,62
155 91,92 47,26 77,99 22,8 97,73 162,26 10,75 18,12 131,59 104,44
156 23,21 82,7 53,7 146,41
157 139,78 81,37 85,66 189,20 191,94 67,84
158 46,1 37,33 136,51 38,60 162,58 1,11 106,30
159 166,19
160 145,25 69,41 8,69 57,27 99,8 156,88
161 7,14 160,55 142,22
162 10,87 119,8 70,48 182,58
163 157,69 144,8 59,59 181,98 159,96 131,36 192,53
164 35,8 190,72 150,61 91,63 101,30
165 195,81 164,64 145,39 155,15 99,89 81,40 108,10
166 173,88 3,95 37,25 194,63 83,2 29,50 182,38 147,64
167 116,70 92,80
168 104,43 50,39 138,54
169 86,84 191,81 197,43
170 199,91 159,82 113,60 68,13
171 112,64 60,62 196,69
172 130,51
173 170,26 80,57 24,10
174 33,95 29,12
175 99,99 196,24 64,8 55,2 121,28
176 129,17 68,72 43,61 185,32
177 1,67 104,81 183,20
178 66,53 12,99 65,58 186,54 83,46 138,46 40,62 189,36
179 25,62 184,21 186,49 86,28 48,32 95,59
180 179,39 153,83 3,69
181 72,18 174,92
182 122,21 83,9 144,16 195,48
183 33,27 123,26 174,33 37,4
184 70,67 111,46 68,64 172,25 110,50 167,93 48,73 86,1 117,37
185 113,48 132,37 36,4 68,20 2,64 97,53 189,77 15,31 73,24
186 91,82 196,94 162,27 9,73 91,28 144,28 54,19 9,73 61,21
187 163,40 136,6
188 67,25 27,25 67,61 27,12 60,60 132,42
189 89,52 105,3 127,73 55,39 113,54 197,58 126,32 157,34 2,63
190 51,27 125,58 28,84 191,1 7,33 156,34 67,37
191 167,30 57,45 34,98 195,19 124,38 144,90 179,65
192 112,84 122,4 179,37 15,74 140,45 147,69 144,83 25,36 90,28
193 69,37 33,11 104,58 99,99 195,13 62,91 169,81 94,35 148,51 122,97
194 118,35 133,81 117,19 46,23 44,68
195 50,99 63,64 45,24 193,1 42,61
196 108,46 114,35 4,98
197 11,2 179,100 13,4 20,70 126,95 44,99
198 50,19 137,19 61,14 128,75 184,61 156,11 35,23
199 1,3 136,33 28,65 91,27 147,10
200 189,68 9,81 45,60 38,58 68,68 182,88 41,37 91,68 126,97
