1 124,91 198,77 158,76 174,26 200,90 30,31 42,69
2 12,41
3 145,81 76,42 29,77 148,26 84,60 93,93 123,97 18,25 81,81
4 171,56
5 189,9 174,74 129,96 46,48 42,22 154,18 12,72 197,65 116,85
6 179,54 125,75 61,70 97,8 15,7 86,6 78,30 44,79 98,22 18,61
7 195,32 130,19 114,11 73,97 119,98 173,71 72,87 36,28 166,97
8 95,100 30,59 121,72 159,77 87,14 173,24 122,83 25,44
9 72,31 76,43
10 99,91 86,24 183,93 114,26 96,64 154,99 145,66 90,47 131,95
11 110,100 75,9 61,38 179,82 13,37 106,57 179,4 187,60 72,30
12 101,84 173,92 75,78 40,7 143,13 200,31 13,4
13 79,85 192,89 197,67 90,51 58,41 157,59
14 101,61
15 87,93 147,73 130,89
16 49,16 43,90 82,49
17 86,54 119,84 188,80 148,73 124,2 134,53 59,53 71,55 53,4 147,6
18 16,67 149,9 16,71
19 116,32
20 72,14 116,7 28,25 87,72 33,31 174,75
21 188,62 74,71 98,36 4,7
22 169,52 81,5 42,44 38,27 156,11 11,98 199,57 187,87
23 153,95 119,54 107,98 174,26 172,14 48,13 155,9
24 81,11
25 57,85 94,22 175,74 133,96 126,18 34,12 129,59 88,93
26 190,80 98,22 93,50 168,44 149,95 189,51 104,64 128,7
27 70,57 18,88 35,60 176,100 53,65 7,52 79,18 196,13 5,97 91,62
28 24,65 169,47 48,13 62,74 21,60 84,60 166,19 11,49 70,23
29 26,8 108,92 189,8 24,85 94,6 137,2 126,31 137,45 47,85 19,30
30 134,1 169,37 167,45 158,6 162,98
31 198,95 86,98 78,63
32 120,35 187,99 105,60 181,98 112,44 44,48 22,82
33 59,69 80,21 85,68
34 68,60 163,50 79,80
35 55,12 58,43 37,5 148,85 128,10
36 172,15 65,41 129,2 31,89 60,83 50,33 198,93
37 101,77 63,76 184,10 113,77 182,67
38 15,3 174,32 164,2 141,89 116,89 16,19 113,10 66,20 40,76 66,60
39 145,78 66,79 150,57 129,90 147,91 189,56 148,58 28,12 17,38
40 192,61 9,2 58,44 106,31 80,72 187,61 139,74 26,82 97,89
41 163,14 157,6 108,84 181,56 51,18 169,43 120,71
42 1,24 132,56 72,58 109,75 10,5 63,1 131,44
43 83,86 95,92 137,64 163,37 162,62 21,5 136,43 13,35 16,57 131,79
44 32,39 141,59 96,25 42,72 184,82 112,39 175,48
45 164,100 70,89 91,19 3,58 108,52 97,29 102,67
46 128,66 102,87 38,51 169,73
47 162,24 152,52 119,68
48 61,41
49 177,79 189,4 14,92
50 100,35 95,22 90,44
51 32,25
52 84,31 56,25 33,68 141,62
53 65,12 151,16 168,43 155,13 11,42 127,22 39,12
54 2,92 179,94 20,40 197,92 100,73 43,6 123,35 191,29 166,82
55 191,65 88,43 131,60 58,11 75,65 82,7 13,32 18,86
56 134,32 138,31 43,56 4,50 68,25 121,87 69,59 125,85 31,67 86,4
57 82,98 158,59 16,7 29,83
58 74,47 49,30 150,53 23,93 157,43 146,99
59 38,96 105,42 58,16 106,34 144,14
60 178,62 111,43 167,39 108,65 88,49 194,93 93,26 109,51
61 147,18 30,83 182,57 150,5 59,88 190,15 187,90 32,77
62 164,74 59,14 55,3 46,58 121,13 122,96 168,2 2,9 48,41
63 177,57
64 97,50 149,52 156,45 171,7 39,76 38,44 49,99 23,32 53,74 66,91
65 197,42 91,43 55,73 103,57 53,9 18,43 34,58 69,42
66 91,88 139,52 34,43
67 153,21 113,47 179,19 72,75 59,39 200,10
68 36,50 161,83
69 127,92 145,45 158,100
70 156,5 143,70 137,19
71 3,54 115,49
72 169,49 175,91 148,63 50,94
73 58,50 163,63 37,12 139,17 129,61
74 123,57 166,88 45,17 75,88 41,42 146,40 116,93 163,20 16,32 108,10
75 116,2 2,6 148,62 54,67 4,32 125,77
76 132,95 80,83 28,65 4,20 144,33 109,55
77 8,16 87,56 12,96 50,40 132,58 131,10 103,91 57,86
78 34,28 12,84
79 142,7 2,64 142,85
80 180,6 19,15 76,1
81 111,12 15,76 68,58
82 18,44 20,52 158,84 53,45 78,95 114,78 166,99 130,46 109,54
83 135,9 30,58 25,95 160,7
84 145,82 5,98 190,20 40,13 150,65 60,54 18,90 81,10 195,71
85 131,26 16,75 137,65 25,7 81,8 128,8 173,43
86 39,48 157,40 49,19 104,26 8,70 55,8 10,15 153,57 121,85 60,95
87 95,82 106,58 89,5
88 4,75 193,32
89 134,34 114,60 84,5 104,67 10,85
90 44,33 21,64 154,55 80,42 144,73 155,85 46,84 153,16 7,4
91 182,97 72,52 82,90 194,42 46,80 145,65 14,75
92 13,53 187,74 63,3 142,73 26,19
93 68,73 160,89 76,30 67,80 35,35 53,64 108,33 71,20 130,65 156,44
94 36,64 1,72 31,1 151,82 168,12
95 118,87 172,80 116,17 120,19
96 33,86 32,81 7,92 155,43 71,39 172,1
97 3,6 154,68 108,27 132,93 197,88 128,43 161,71 165,9
98 36,37 155,42 122,73 94,15 188,7 95,17 37,67 158,98
99 79,39 110,97 13,42 16,11 138,55 50,98 193,32 5,19 13,23 46,83
100 154,25 88,8 145,60
101 137,81 167,66 80,72 164,29
102 184,88
103 62,89 86,57 186,53 179,87 40,38 134,44 26,25 181,99
104 76,44 120,77 31,67 90,39
105 173,76 153,82
106 17,63 52,66 18,2 165,18 194,81
107 46,35 1,11 190,53 133,86 122,47 183,72 144,13
108 66,76 89,36 73,93
109 50,41 62,14 197,18 2,20 175,71
110 135,1 144,46 119,87 121,71 171,92 61,71 104,57 51,39
111 16,33 138,64
112 173,32 187,67
113 63,54 61,49 36,5 55,73
114 12,68 182,88
115 95,28 51,81 124,93 79,1 171,51 173,60 143,67 150,58
116 54,58 5,37
117 141,53 27,61 47,86 148,84 124,100 36,5 172,33 186,85
118 117,91 133,91 30,38 109,73
119 83,24 195,89 30,55 118,28 127,24 179,12 77,59 61,57
120 9,35 106,2 37,69 138,71 90,45 177,84 98,94 147,35 33,11 64,70
121 74,68 84,23 114,86 120,88
122 24,15 23,85 69,85 150,81 21,83 183,9 49,1
123 151,40
124 160,15 107,76 23,58 88,49 17,55 101,40 113,4
125 114,40 167,98 76,78 166,71 57,26 48,66 199,98 128,14 4,72 60,80
126 133,15
127 158,48 57,83
128 156,51 173,93 155,32
129 59,95 3,29 54,16 79,59 76,17 132,46 64,1 58,14 170,63 121,97
130 6,1 133,99 135,48 72,56 6,17 85,27 16,58 107,51 83,86
131 149,54
132 129,60 103,100 189,8 84,76 112,49 112,76 64,16 18,64 143,73
133 171,79
134 32,37
135 53,97 17,27 79,69
136 74,53 72,80 132,47 181,25 176,12 34,11 155,93
137 105,8 153,15 190,11 20,24
138 124,89
139 101,46 180,39 158,91 9,28 99,31 138,52 134,36 30,3 14,14 75,76
140 122,16 76,52 3,45 12,97 115,10
141 76,69 39,79 78,28 138,29
142 23,26 43,66 166,71 67,67 181,34
143 134,20
144 19,36 57,28
145 146,37 185,77 70,77 53,68 1,11
146 14,34 16,95 2,95 94,43 185,78 120,74 107,61 181,36 17,27
147 195,73 126,89 133,59 112,83 145,77 26,61 90,45 119,87 70,24 70,85
148 74,21 110,55 100,32 76,99 56,97 97,42 154,13 82,89 106,78
149 59,78 166,6 105,33 41,47 18,94
150 159,6 105,16 71,64 127,96 185,2 131,24 5,4 139,95 177,20 184,7
151 97,64 136,37 99,75
152 15,41 53,51 123,49 1,2 79,46 166,63 124,97
153 147,22 131,49 85,11 59,14 173,32 149,14 119,17 128,56 21,4
154 121,100 20,55 75,50 143,83 20,44 124,16
155 197,38 188,46 184,64 176,40 86,88 59,90 181,1 86,77 194,25
156 55,78 55,68 21,6 149,18 24,72 42,14
157 191,41 93,28 61,49 137,83 74,1 191,80 137,75 82,89 154,61 93,23
158 137,92 18,63 137,42
159 86,17 103,44 42,26 144,52
160 37,1 138,26
161 186,31 75,46 76,67 111,10
162 95,27 161,7 63,77 105,96 77,60 59,6 187,95 178,1 178,85
163 133,81 110,25 160,3 177,55 189,83 96,93 49,28 9,86
164 128,5 85,15 93,56 7,59 65,55 62,26 148,38 189,50 64,60 155,2
165 192,92
166 142,71 7,49 88,1 35,70 143,67
167 131,90
168 68,62 92,70
169 65,45 127,88 40,41 125,22 70,61 56,58 179,15 141,12 57,80 196,60
170 164,71 88,20 174,21 186,48 70,99 189,11 88,72 106,75 164,88 94,55
171 34,6 139,91 130,97 97,42 97,62
172 55,66 127,82 62,25 171,26 14,38 39,78 138,2 36,84 164,87
173 50,14 43,19 188,22 89,18 149,10 121,22 20,7 105,22 151,79
174 159,76 66,23 28,22
175 177,43 135,86 133,91 96,83 48,62 152,44 147,65 8,15
176 67,49 160,17 15,86 182,76 122,66 23,48 187,46
177 146,61 11,38 193,30 132,91 157,51 116,37 144,2 29,32 156,72
178 56,31 98,34
179 61,67 117,5 123,16 198,44 28,39 122,54 45,41
180 138,23 12,8 99,59 117,64 9,39 22,22 171,55 171,73 28,56 63,84
181 151,36 138,17 51,98 164,73 20,31 182,50 3,19
182 143,29 29,2
183 83,18 12,33 89,17 1,61 43,42 19,31
184 54,21 46,84
185 178,4 166,84 147,97 84,64 170,68 73,24 84,95 28,32 162,75 50,19
186 30,93 137,37 193,10
187 162,12
188 136,83 10,67 177,86 23,85 9,21 197,16 76,28
189 145,13
190 14,42 119,90 49,97 91,86 193,8 38,82 61,46 191,78
191 5,76
192 22,55
193 20,84
194 80,80 200,49 85,26
195 174,65 185,89
196 146,17
197 61,100 128,24 165,89
198 137,76 134,57 117,52 20,69 185,41 199,38 171,87 142,42 101,73
199 106,71 26,65 100,67 133,75
200 47,2 177,78 162,27 54,30 103,15 167,24 100,36 64,5 147,77
